hw 120.0 75.0
sc 7
sz 66.0 111.0 8.0
p 6.0 108.0 0 0 2.0 0.5
z 11.0 91.0 0 0 2.0 0.5
w 15.0 107.0 15.0 74.0
w 28.0 74.0 15.0 74.0
w 28.0 107.0 28.0 84.0
w 45.0 108.0 45.0 94.0
w 61.0 94.0 45.0 94.0
w 40.0 84.0 40.0 59.0
z 23.0 51.0 0 0 2.0 0.5
w 22.0 31.0 40.0 59.0
p 31.0 6.0 0 0 2.0 0.5
p 25.0 13.0 0 0 2.0 0.5
p 5.0 76.0 0 0 2.0 0.5
p 20.0 79.0 0 0 2.0 0.5
p 32.0 59.0 0 0 2.0 0.5
w 15.0 54.0 28.0 74.0
p 14.0 6.0 0 0 2.0 0.5
p 45.0 15.0 0 0 2.0 0.5
w 22.0 23.0 51.0 0.0
w 22.0 31.0 22.0 23.0
z 16.0 27.0 0 0 2.0 0.5
z 29.0 27.0 0 0 2.0 0.5
p 64.0 10.0 0 0 2.0 0.5
p 50.0 42.0 0 0 2.0 0.5
