hw 220.0 150.0
sz 77.8 20.0 16.0
sc 10
h 62.8 216.2 0 0 2.0 0.5
p 26.5 145.5 0 -15 2.0 0.5
p 114.8 154.2 15 0 2.0 0.5
p 59.8 96.0 10 0 2.0 0.5
p 146.0 143.5 0 -10 2.0 0.5
p 7.0 157.0 0 0 1.0 0.1
p 4.0 144.5 0 10 2.0 0.5
p 16.0 176.2 0 0 1.0 0.1
p 20.2 166.0 0 0 1.8 0.4
p 127.5 178.2 4 5 2.0 0.5
p 136.2 184.0 20 -15 0.6 0.5
p 140.0 180.5 10 0 0.8 0.1
p 138.2 174.2 0 10 0.7 0.1
p 5.0 167.2 0 0 1.5 0.3
p 4.2 184.8 0 0 0.8 0.1
p 4.2 177.8 0 0 0.8 0.1
p 142.5 162.2 10 0 3.4 1.4
p 129.0 159.2 0 0 1.5 0.3
p 130.5 184.8 0 0 0.8 0.1
p 15.5 56.0 0 0 1.0 0.1
p 17.5 52.2 0 0 1.5 0.3
p 16.5 49.5 0 0 1.1 0.2
p 12.0 99.8 0 0 1.5 0.3
p 17.5 100.2 0 0 2.0 0.5
p 22.0 95.2 0 0 1.4 0.2
p 134.8 100.0 0 0 2.0 0.5
p 142.8 95.5 0 0 1.5 0.3
z 10.2 52.0 30 0 5.0 3.1
z 15.2 7.5 0 10 2.2 0.6
z 30.0 10.0 10 0 1.5 0.3
z 115.2 9.0 10 0 2.0 0.5
z 12.0 169.2 10 0 3.0 1.1
z 55.0 175.5 10 0 1.3 0.2
z 50.0 205.0 -10 0 2.0 0.5
z 20.2 205.0 10 0 2.0 0.5
z 110.5 205.0 -10 0 2.0 0.5
z 80.2 205.0 10 0 2.0 0.5
z 100.5 100.0 0 0 2.0 0.5
z 45.8 143.0 0 -15 2.0 0.5
z 20.0 130.0 0 0 0.0 0.0
z 125.8 145.5 0 10 2.0 0.5
w 60.0 160.0 80.0 160.0
w 100.0 160.0 120.0 160.0
w 0.0 210.0 20.0 210.0
w 40.0 210.0 60.0 210.0
w 80.0 210.0 100.0 210.0
w 120.0 210.0 140.0 210.0
w 140.0 200.0 150.0 200.0
w 120.0 200.0 100.0 200.0
w 80.0 200.0 60.0 200.0
w 40.0 200.0 20.0 200.0
w 0.0 190.0 20.0 190.0
w 40.0 190.0 60.0 190.0
w 80.0 190.0 100.0 190.0
w 120.0 190.0 140.0 190.0
w 120.0 190.0 120.0 150.0
w 150.0 150.0 120.0 150.0
w 30.0 190.0 30.0 150.0
w 0.0 150.0 30.0 150.0
w 60.0 180.0 80.0 180.0
w 100.0 180.0 120.0 180.0
w 40.0 170.0 60.0 170.0
w 80.0 170.0 100.0 170.0
w 40.0 150.0 60.0 150.0
w 80.0 150.0 100.0 150.0
w 10.0 150.0 10.0 130.0
w 10.0 110.0 10.0 90.0
w 20.0 130.0 20.0 110.0
w 30.0 130.0 30.0 150.0
w 30.0 90.0 10.0 90.0
w 50.0 90.0 70.0 90.0
w 90.0 90.0 110.0 90.0
w 130.0 90.0 150.0 90.0
w 50.0 130.0 50.0 150.0
w 70.0 130.0 70.0 150.0
w 90.0 130.0 90.0 150.0
w 40.0 130.0 40.0 110.0
w 60.0 130.0 60.0 110.0
w 80.0 130.0 80.0 110.0
w 100.0 130.0 100.0 110.0
w 30.0 110.0 30.0 90.0
w 50.0 110.0 50.0 90.0
w 70.0 110.0 70.0 90.0
w 90.0 110.0 90.0 90.0
w 110.0 110.0 110.0 90.0
w 130.0 110.0 130.0 90.0
w 120.0 130.0 120.0 110.0
w 140.0 130.0 140.0 110.0
w 130.0 130.0 130.0 150.0
w 110.0 130.0 110.0 150.0
w 0.0 80.0 20.0 80.0
w 40.0 80.0 60.0 80.0
w 80.0 80.0 100.0 80.0
w 120.0 80.0 140.0 80.0
w 10.0 70.0 30.0 70.0
w 50.0 70.0 70.0 70.0
w 90.0 70.0 110.0 70.0
w 130.0 70.0 150.0 70.0
w 110.0 60.0 130.0 60.0
w 70.0 60.0 90.0 60.0
w 30.0 60.0 50.0 60.0
w 10.0 60.0 0.0 60.0