hw 100.0 200.0
sc 5
sz 175.8 81.8 8.0
w 0.0 49.0 10.0 49.0
w 10.0 88.0 10.0 49.0
h 5.0 55.0 0 0 2.0 0.5
z 75.0 82.0 -10 -10 2.0 0.5
w 34.0 87.0 58.0 63.0
p 21.0 25.0 0 0 2.0 0.5
z 25.0 37.0 10 10 2.0 0.5
w 10.0 49.0 35.0 24.0
w 58.0 63.0 58.0 0.0
w 69.0 100.0 91.0 78.0
w 91.0 64.0 91.0 78.0
w 66.0 37.0 91.0 64.0
w 66.0 7.0 66.0 37.0
z 56 83.0 10 10 2.0 0.5
z 17.0 49.0 10 10 2.0 0.5
w 66.0 37.0 108.0 37.0
w 75.0 7.0 120.0 7.0
w 120.0 78.0 120.0 0.0
w 120.0 100.0 120.0 90.0
w 133.0 90.0 120.0 90.0
w 119.0 47.0 93.0 47.0
w 133.0 78.0 120.0 78.0
z 90.0 13.0 13 0 2.0 0.5
z 114.0 22.0 0 15 2.0 0.5
p 113.0 3.0 0 0 2.0 0.5
p 129.0 6.0 0 0 2.0 0.5
p 163.0 6.0 0 0 2.0 0.5
p 194.0 5.0 0 0 2.0 0.5
p 147.0 15.0 0 0 2.0 0.5
p 7.0 37.0 0 0 2.0 0.5
p 8.0 6.0 0 0 2.0 0.5
z 124.0 87.0 0 0 3.0 1.1
z 124.0 81.0 0 0 3.0 1.1
