hw 150.0 260.0
h 208.0 138.0 0 0 2.0 0.5
sz 245.0 135.0 10.0
w 240.0 110.0 220.0 110.0
w 240.0 100.0 260.0 100.0
w 220.0 50.0 15.0 50.0
w 150.0 150.0 150.0 60.0
w 70.0 140.0 70.0 50.0
w 135.0 60.0 70.0 60.0
w 0.0 60.0 30.0 60.0
w 40.0 60.0 70.0 60.0
w 220.0 60.0 165.0 60.0
w 220.0 150.0 220.0 50.0
p 214.0 56.0 0 0 2.0 0.5
p 78.0 56.0 0 0 2.0 0.5
p 60.0 54.0 0 0 2.0 0.5
p 226.0 116.0 0 0 2.0 0.5
z 160.0 124.0 10 0 2.0 0.5
z 192.0 114.0 20 0 2.0 0.5
z 176.0 98.0 -10 0 2.0 0.5
z 196.0 86.0 25 0 2.0 0.5
z 162.0 74.0 25 0 2.0 0.5
z 95.0 81.0 -25 0 4.0 2.0
z 98.0 122.0 25 0 4.0 2.0
p 105.0 125.0 0 0 1.0 0.1
p 105.0 121.0 0 0 1.0 0.1
p 105.0 118.0 0 0 1.0 0.1
p 88.0 84.0 0 0 1.0 0.1
p 88.0 80.0 0 0 1.0 0.1
p 88.0 77.0 0 0 1.0 0.1
z 31.0 128.0 20 0 2.1 0.5
z 8.0 104.0 -15 0 2.1 0.5
z 59.0 72.0 25 0 2.1 0.5
z 32.0 88.0 10 0 2.1 0.5
z 23.0 43.0 0 -5 2.1 0.5
p 23.0 38.0 0 0 2.0 0.5
p 23.0 32.0 0 0 2.0 0.5
p 23.0 26.0 0 0 2.0 0.5
z 56.0 39.0 0 -15 2.0 0.5
z 80.0 20.0 0 10 2.1 0.5
z 100.0 42.0 0 20 2.1 0.5
z 113.0 7.0 0 25 2.1 0.5
z 240.0 22.0 -2 0 4.0 2.0
p 233.0 25.0 0 0 1.0 0.1
p 233.0 21.0 0 0 1.0 0.1
p 233.0 18.0 0 0 1.0 0.1
z 144.0 40.0 0 -10 2.1 0.5
z 165.0 21.0 0 -10 2.0 0.5
z 213.0 39.0 0 15 2.0 0.5
z 236.0 77.0 10 0 2.0 0.5
