hw 135.0 250.0
sz 12.0 94.0 8.0
h 4.0 74.0 0 0 2.0 0.5
p 33.0 47.0 0 0 2.0 0.5
z 45.0 66.0 0 0 2.0 0.5
z 12.0 38.0 0 0 2.0 0.5
z 45.0 60.0 0 0 2.0 0.5
p 39.0 21.0 0 0 2.0 0.5
p 83.0 17.0 0 0 2.0 0.5
p 130.0 44.0 0 0 2.0 0.5
p 172.0 43.0 0 0 2.0 0.5
p 119.0 23.0 0 0 2.0 0.5
p 132.0 65.0 0 0 2.0 0.5
p 21.0 24.0 0 0 2.0 0.5
w 25.0 123.0 25.0 80.0
w 8.0 80.0 8.0 51.0
w 8.0 43.0 17.0 43.0
w 8.0 43.0 8.0 11.0
w 17.0 72.0 17.0 19.0
w 26.0 71.0 26.0 42.0
w 0.0 80.0 125.0 80.0
w 26.0 19.0 17.0 19.0
w 26.0 33.0 26.0 19.0
w 8.0 11.0 71.0 11.0
w 26.0 33.0 78.0 33.0
w 78.0 11.0 78.0 33.0
w 34.0 18.0 34.0 25.0
w 60.0 18.0 34.0 18.0
w 70.0 25.0 34.0 25.0
w 70.0 12.0 70.0 25.0
w 78.0 11.0 88.0 11.0
w 88.0 33.0 88.0 11.0
w 26.0 42.0 100.0 42.0
w 100.0 11.0 100.0 42.0
w 38.0 56.0 113.0 56.0
w 113.0 19.0 113.0 71.0
w 100.0 11.0 215.0 11.0
w 206.0 19.0 113.0 19.0
w 26.0 71.0 97.0 71.0
w 215.0 58.0 215.0 11.0
z 96.0 21.0 0 0 2.0 0.5
z 91.0 21.0 0 0 2.0 0.5
w 155.0 67.0 155.0 123.0
w 36.0 123.0 36.0 93.0
w 113.0 93.0 37.0 93.0
w 25.0 123.0 36.0 123.0
w 125.0 93.0 125.0 60.0
w 126.0 60.0 140.0 60.0
w 155.0 67.0 155.0 49.0
w 140.0 60.0 140.0 112.0
w 47.0 123.0 155.0 123.0
w 47.0 108.0 124.0 108.0
w 47.0 122.0 47.0 108.0
w 155.0 49.0 124.0 49.0
w 124.0 39.0 180.0 39.0
w 164.0 39.0 164.0 135.0
w 124.0 39.0 124.0 49.0
w 114.0 29.0 191.0 29.0
w 206.0 19.0 206.0 86.0
w 178.0 39.0 178.0 87.0
w 191.0 30.0 191.0 102.0
w 164.0 102.0 191.0 102.0
w 191.0 102.0 215.0 102.0
w 215.0 58.0 215.0 90.0
w 173.0 114.0 240.0 114.0
w 224.0 113.0 225.0 1.0
p 56.0 115.0 0 0 2.0 0.5
p 236.0 66.0 0 0 2.0 0.5
p 31.0 114.0 0 0 2.0 0.5
z 106.0 70.0 0 0 2.0 0.5
z 132.0 100.0 0 0 2.0 0.5
z 177.0 95.0 0 0 2.0 0.5
z 10.0 117.0 0 0 2.0 0.5
z 205.0 93.0 0 0 2.0 0.5
z 188.0 127.0 0 0 2.0 0.5
z 65.0 8.0 0 0 2.0 0.5
