hw 100.0 100.0
sz 35.0 12.0 8.0
h 50.0 93.0 0 0 2.0 0.5
p 34.0 50.0 0 0 2.0 0.5
z 64.0 58.0 0 0 2.0 0.5
z 75.0 11.0 0 0 2.0 0.5
z 45.0 57.0 0 0 2.0 0.5
p 23.0 88.0 0 0 2.0 0.5
p 67.0 44.0 0 0 2.0 0.5
w 37.0 100.0 49.0 78.0
w 64.0 100.0 57.0 78.0
w 46.0 83.0 19.0 83.0
w 59.0 84.0 81.0 84.0
w 40.0 30.0 47.0 39.0
w 63.0 28.0 56.0 40.0
w 19.0 82.0 20.0 30.0
w 40.0 30.0 22.0 30.0
w 64.0 28.0 85.0 28.0
w 81.0 83.0 81.0 28.0
p 70.0 90.0 0 0 2.0 0.5
p 79.0 91.0 0 0 2.0 0.5
p 13.0 92.0 0 0 2.0 0.5
z 13.0 59.0 0 0 2.0 0.5
z 88.0 70.0 0 0 2.0 0.5
p 58.0 10.0 0 0 2.0 0.5
p 13.0 14.0 0 0 2.0 0.5
