hw 100.0 200.0
sc 5
sz 94.0 50.0 8.0
h 94.0 50.0 0 0 2.0 0.5
p 18.0 70.0 0 0 2.0 0.5
z 128.0 46.0 0 20 2.0 0.5
w 12.0 88.0 12.0 16.0
w 48.0 88.0 12.0 88.0
w 68.0 16.0 12.0 16.0
w 68.0 16.0 68.0 24.0
w 96.0 24.0 68.0 24.0
w 106.0 24.0 180.0 24.0
w 72.0 90.0 174.0 90.0
w 48.0 88.0 48.0 32.0
w 72.0 90.0 72.0 38.0
w 48.0 32.0 72.0 38.0
w 110.0 24.0 110.0 14.0
w 122.0 90.0 122.0 42.0
w 174.0 90.0 174.0 42.0
w 136.0 42.0 174.0 42.0
w 136.0 76.0 136.0 42.0
p 60.0 64.0 0 0 2.0 0.5
p 36.0 74.0 0 0 2.0 0.5
z 74.0 18.0 15 0 2.0 0.5
z 64.0 10.0 0 10 2.0 0.5
z 140.0 36.0 0 15 2.0 0.5
p 146.0 60.0 0 0 2.0 0.5
p 154.0 54.0 0 0 2.0 0.5
p 164.0 60.0 0 0 2.0 0.5
p 156.0 68.0 0 0 2.0 0.5
z 18.0 46.0 20 0 2.0 0.5
z 34.0 38.0 20 0 2.0 0.5
